Date: 15-Feb-2016 15:28:54
Experiment: Emotional action task - AAT2
Version: 4.01
Subject: 01
Time startup: 396.075983
Time of start Experiment: 409.124764

======================================================
exp	block_nr	trl_nr	blocktype	blockInst	stim_side	stim_type	stim_nr	flip_int	ITI	T_fixation_onset	T_movie_start	T_stim_onset	T_stim_offset	T_movie_offset	T_movie2_start	T_feedback	T_start_ITI	T_start_IBI	SRT	corr	no_resp	resp	force		

1	1	1	3	1	2	2	37	0.013329	0.600000	90.461106	90.660719	91.327299	91.527236	92.033721	92.047040	92.473564	89.327897	80.477726	0.700000	0	1	2	0	
1	1	2	3	1	2	2	20	0.013329	1	95.432628	95.632292	96.258867	96.458788	97.005268	97.018640	97.445107	93.926258	0	0.750000	0	0	2	745	
1	1	3	3	1	1	2	25	0.013329	0.700000	99.951007	100.150674	100.723961	100.923867	101.523657	101.536985	101.963496	98.737885	0	0.800000	0	0	1	573	
1	1	4	3	1	1	1	37	0.013329	0.600000	104.389430	104.589072	105.255651	105.455574	105.962115	105.975391	106.401897	103.282913	0	0.700000	0	0	2	459	
1	1	5	3	1	1	2	35	0.013329	0.800000	109.027770	109.227425	109.747365	109.947280	110.600384	110.613724	111.040249	107.721299	0	0.850000	1	0	2	712	
1	1	6	3	1	2	1	35	0.013329	0.700000	113.559462	113.759113	114.385704	114.585639	115.132121	115.145426	115.571932	112.346350	0	0.750000	0	0	1	744	
1	1	7	3	1	2	2	21	0.013329	1	118.384428	118.584051	119.050703	119.250636	119.957052	119.970382	120.396890	116.878019	0	0.900000	0	0	2	901	
1	1	8	3	1	2	2	13	0.013329	1	123.209372	123.409012	123.835489	124.035600	124.781987	124.795320	125.221829	121.702985	0	0.950000	1	0	1	822	
1	1	9	3	1	1	1	34	0.013329	0.600000	127.661100	127.860763	128.434018	128.633935	129.233750	129.247049	129.673637	126.554534	0	0.800000	1	0	1	674	
1	1	10	3	1	1	2	6	0.013329	0.700000	132.192824	132.392461	132.765775	132.965729	133.765359	133.778776	134.205280	130.979631	0	1.000000	0	0	1	674	
1	1	11	3	1	2	2	22	0.013329	0.800000	136.831121	137.030779	137.350662	137.550589	138.403772	138.417091	138.843627	135.524666	0	1.050000	1	0	1	943	
1	1	12	3	1	2	1	32	0.013329	1	141.669393	141.869058	142.389037	142.588959	143.242058	143.255364	143.681901	140.162993	0	0.850000	1	0	2	969	
1	1	13	3	1	2	2	14	0.013329	0.800000	146.294370	146.494067	146.760624	146.960709	147.867044	147.880370	148.306904	144.987963	0	1.100000	0	0	2	746	
1	1	14	3	1	1	1	2	0.013329	0.900000	151.039401	151.239047	151.705523	151.905440	152.611864	152.625194	153.051708	149.626268	0	0.900000	1	0	1	681	
1	1	15	3	1	2	1	4	0.013329	1	155.890989	156.090645	156.517278	156.717227	157.463604	157.476941	157.903474	154.384686	0	0.950000	0	1	2	0	
1	1	16	3	1	1	2	24	0.013329	0.900000	160.635954	160.835602	161.062337	161.262262	162.208595	162.221894	162.648480	159.222854	0	1.150000	0	1	2	0	
1	1	17	3	1	2	1	18	0.013329	0.600000	165.074376	165.274040	165.647352	165.847306	166.646994	166.660322	167.086822	163.967918	0	1.000000	0	1	1	0	
1	1	18	3	1	1	1	16	0.013329	0.900000	169.819332	170.018977	170.339002	170.538920	171.391949	171.405289	171.831814	168.406226	0	1.050000	0	1	2	0	
1	1	19	3	1	1	2	18	0.013329	0.700000	174.351056	174.550698	174.723933	174.923991	175.923678	175.937005	176.363520	173.137864	0	1.200000	0	1	1	0	
1	1	20	3	1	1	1	6	0.013329	0.700000	178.896166	179.095761	179.362436	179.562367	180.468714	180.482053	180.908549	177.682966	0	1.100000	0	1	2	0	
1	1	21	3	1	2	1	25	0.013329	0.900000	183.627721	183.827382	184.054100	184.254022	185.200330	185.213687	185.640183	182.214646	0	1.150000	0	1	2	0	
1	1	22	3	1	1	2	28	0.013329	0.600000	188.066153	188.265791	188.385720	188.585649	189.638757	189.652092	190.078602	186.959612	0	1.250000	0	1	1	0	
1	1	23	3	1	2	1	11	0.013329	1	192.891076	193.090707	193.263976	193.463888	194.463746	194.477034	194.903582	191.384660	0	1.200000	0	1	2	0	
1	1	24	3	1	1	1	3	0.013329	0.900000	197.622765	197.822406	197.942480	198.142396	199.195352	199.208656	199.635182	196.209614	0	1.250000	0	1	2	0	
1	1	25	3	1	2	1	29	0.013329	0.600000	202.061074	202.260762	202.327430	202.527526	203.633759	203.647081	204.073582	200.954599	0	1.300000	0	1	1	0	
1	1	26	3	1	1	2	8	0.013329	0.900000	206.806071	207.005714	207.072363	207.272450	208.378733	208.392034	208.818565	205.392981	0	1.300000	0	1	1	0	
1	1	27	3	1	2	2	27	0.013329	0.900000	211.551167	211.750692	211.777345	211.977272	213.123691	213.137032	213.563534	210.137957	0	1.350000	0	1	1	0	
1	1	28	3	1	1	1	8	0.013329	0.800000	216.189385	216.389054	216.415849	216.615775	217.762020	217.775353	218.201880	214.882968	0	1.350000	0	1	1	0	
1	1	29	3	1	1	1	9	0.013329	0.800000	220.827736	221.027389	221.027389	221.227443	222.400344	222.413698	222.840221	219.521255	0	1.372860	0	1	2	0	
1	1	30	3	1	1	2	30	0.013329	1	225.652651	225.852319	225.852319	226.052394	227.225315	227.238661	227.665149	224.146266	0	1.372860	0	1	1	0	
1	1	31	3	1	2	2	34	0.013329	0.700000	230.184363	230.384040	230.384040	230.584102	231.756853	231.770221	232.196860	228.971208	0	1.372860	0	1	2	0	
1	1	32	3	1	2	1	12	0.013329	0.800000	234.809407	235.009030	235.009030	235.209110	236.382023	236.395362	236.821862	233.502925	0	1.372860	0	1	2	0	
1	2	1	1	0	1	1	33	0.013329	0.700000	243.219731	243.419374	244.085927	244.285873	244.792350	244.805677	245.232186	242.006802	238.154588	0.700000	0	1	2	0	
1	2	2	1	0	2	1	26	0.013329	0.900000	247.964662	248.164338	248.790933	248.990859	249.537191	249.550520	249.977145	246.551590	0	0.750000	0	1	2	0	
1	2	3	1	0	2	2	2	0.013329	0.600000	252.389772	252.589399	253.255992	253.455911	253.962396	253.975729	254.402215	251.283234	0	0.700000	0	1	1	0	
1	2	4	1	0	2	2	24	0.013329	0.800000	257.014779	257.214410	257.840852	258.040939	258.587392	258.600656	259.027257	255.708295	0	0.750000	0	1	1	0	
1	2	5	1	0	1	1	7	0.013329	0.600000	261.439865	261.639494	262.212774	262.412695	263.012469	263.025818	263.452341	260.333318	0	0.800000	0	1	2	0	
1	2	6	1	0	2	2	38	0.013329	0.600000	265.864945	266.064562	266.637845	266.837781	267.437602	267.450901	267.877469	264.758386	0	0.800000	0	1	1	0	
1	2	7	1	0	2	1	20	0.013329	1	270.689847	270.889522	271.409454	271.609408	272.262510	272.275838	272.702358	269.183468	0	0.850000	0	1	2	0	
1	2	8	1	0	1	1	3	0.013329	0.900000	275.421607	275.621183	276.087789	276.287750	276.994151	277.007486	277.433995	274.008423	0	0.900000	0	1	2	0	
1	2	9	1	0	2	2	11	0.013329	0.800000	280.046538	280.246184	280.766125	280.966051	281.619161	281.632491	282.058832	278.740058	0	0.850000	0	1	2	0	
1	2	10	1	0	1	2	31	0.013329	0.900000	284.778135	284.977843	285.444457	285.644382	286.350800	286.364114	286.790643	283.365044	0	0.900000	0	1	2	0	
1	2	11	1	0	2	1	25	0.013329	1	289.603120	289.802903	290.229407	290.429334	291.175735	291.189065	291.615582	288.096709	0	0.950000	0	1	2	0	
1	2	12	1	0	1	2	4	0.013329	0.700000	294.148149	294.347803	294.774432	294.974350	295.720774	295.734122	296.160622	292.934978	0	0.950000	0	1	1	0	
1	2	13	1	0	2	1	28	0.013329	0.800000	298.773153	298.972798	299.346154	299.546072	300.345783	300.359122	300.785625	297.466685	0	1.000000	0	1	2	0	
1	2	14	1	0	1	2	26	0.013329	0.900000	303.504794	303.704418	304.077756	304.277712	305.077434	305.090681	305.517272	302.091685	0	1.000000	0	1	2	0	
1	2	15	1	0	2	2	20	0.013329	0.800000	308.129796	308.329439	308.649469	308.849424	309.702446	309.715748	310.142281	306.823359	0	1.050000	0	1	2	0	
1	2	16	1	0	2	1	15	0.013329	0.800000	312.754828	312.954449	313.274498	313.474417	314.327449	314.340774	314.767294	311.448347	0	1.050000	0	1	1	0	
1	2	17	1	0	1	1	31	0.013329	1	317.566429	317.766101	318.032796	318.232702	319.139042	319.152383	319.578914	316.060030	0	1.100000	0	1	1	0	
1	2	18	1	0	2	1	34	0.013329	0.900000	322.311395	322.511019	322.737786	322.937704	323.884086	323.897344	324.323819	320.898320	0	1.150000	0	1	1	0	
1	2	19	1	0	1	2	16	0.013329	0.700000	326.843120	327.042759	327.309307	327.509223	328.415738	328.429058	328.855580	325.629937	0	1.100000	0	1	2	0	
1	2	20	1	0	1	1	38	0.013329	0.700000	331.374797	331.574475	331.747851	331.947847	332.947431	332.960772	333.387300	330.161647	0	1.200000	0	1	2	0	
1	2	21	1	0	2	2	3	0.013329	1	336.199759	336.399400	336.626129	336.826062	337.772405	337.785717	338.212227	334.693343	0	1.150000	0	1	1	0	
1	2	22	1	0	1	2	6	0.013329	0.900000	340.931468	341.131067	341.304456	341.504427	342.504029	342.517346	342.943858	339.518320	0	1.200000	0	1	1	0	
1	2	23	1	0	1	2	28	0.013329	0.600000	345.383100	345.582765	345.702876	345.902806	346.955744	346.969090	347.395613	344.276596	0	1.250000	0	1	1	0	
1	2	24	1	0	2	1	23	0.013329	0.600000	349.808214	350.007835	350.127946	350.327880	351.380807	351.394177	351.820714	348.701664	0	1.250000	0	1	1	0	
1	2	25	1	0	1	2	30	0.013329	0.700000	354.353259	354.552892	354.619527	354.819612	355.925873	355.939196	356.365723	353.140063	0	1.300000	0	1	1	0	
1	2	26	1	0	1	1	13	0.013329	0.600000	358.778302	358.977975	359.044608	359.244694	360.350974	360.364291	360.790827	357.671813	0	1.300000	0	1	1	0	
1	2	27	1	0	2	1	5	0.013329	0.700000	363.323363	363.522999	363.549664	363.749595	364.895999	364.909321	365.335851	362.110207	0	1.350000	0	1	1	0	
1	2	28	1	0	2	2	1	0.013329	0.900000	368.055026	368.254670	368.281455	368.481367	369.627639	369.640976	370.067331	366.641916	0	1.350000	0	1	2	0	
1	2	29	1	0	1	1	12	0.013329	1	372.879954	373.079585	373.079585	373.279498	374.452582	374.465911	374.892430	371.373552	0	1.372860	0	1	2	0	
1	2	30	1	0	2	2	25	0.013329	1	377.718226	377.917855	377.917855	378.117942	379.290848	379.304182	379.730677	376.211844	0	1.372860	0	1	2	0	
1	2	31	1	0	1	2	29	0.013329	0.700000	382.263267	382.462892	382.462892	382.662816	383.835890	383.849220	384.275706	381.050095	0	1.372860	0	1	2	0	
1	2	32	1	0	1	1	8	0.013329	0.800000	386.888267	387.087906	387.087906	387.287989	388.460877	388.474205	388.900750	385.581786	0	1.372860	0	1	2	0	
1	3	1	2	0	1	1	7	0.013329	0.600000	401.589645	401.789342	402.455874	402.655820	403.162289	403.175631	403.602150	400.483393	390.220117	0.700000	0	1	2	0	
1	3	2	2	0	1	1	4	0.013329	0.600000	406.028066	406.227739	406.854154	407.054081	407.600706	407.614056	408.040554	404.921591	0	0.750000	0	1	1	0	
1	3	3	2	0	2	1	17	0.013329	1	410.866351	411.066006	411.639283	411.839205	412.438985	412.452309	412.878821	409.359969	0	0.800000	0	1	1	0	
1	3	4	2	0	1	2	16	0.013329	0.700000	415.411408	415.611024	416.277461	416.477379	416.983858	416.997190	417.423689	414.198219	0	0.700000	0	1	2	0	
1	3	5	2	0	2	2	33	0.013329	0.700000	419.943095	420.142756	420.769314	420.969263	421.515727	421.529057	421.955568	418.729953	0	0.750000	0	1	1	0	
1	3	6	2	0	2	1	10	0.013329	0.900000	424.688058	424.887713	425.407668	425.607603	426.260688	426.274018	426.700548	423.274969	0	0.850000	0	1	1	0	
1	3	7	2	0	1	1	11	0.013329	1	429.526334	429.725974	430.192674	430.392550	431.098939	431.112287	431.538845	428.019928	0	0.900000	0	1	1	0	
1	3	8	2	0	2	2	36	0.013329	0.700000	434.071362	434.271013	434.844292	435.044206	435.644010	435.657330	436.083853	432.858202	0	0.800000	0	1	1	0	
1	3	9	2	0	2	2	24	0.013329	0.600000	438.496539	438.696114	439.216072	439.415987	440.069092	440.082411	440.508941	437.389941	0	0.850000	0	1	2	0	
1	3	10	2	0	2	1	22	0.013329	0.900000	443.241443	443.441079	443.867724	444.067651	444.814061	444.827376	445.253892	441.828335	0	0.950000	0	1	2	0	
1	3	11	2	0	1	2	38	0.013329	0.900000	447.959723	448.159379	448.626021	448.825953	449.532376	449.545685	449.972215	446.546620	0	0.900000	0	1	2	0	
1	3	12	2	0	1	2	34	0.013329	0.800000	452.571436	452.771052	453.197706	453.397635	454.144074	454.157383	454.583887	451.264945	0	0.950000	0	1	2	0	
1	3	13	2	0	2	1	26	0.013329	0.600000	456.983172	457.182828	457.556161	457.756021	458.555778	458.569133	458.995648	455.876611	0	1.000000	0	1	1	0	
1	3	14	2	0	1	1	32	0.013329	1	461.808193	462.007753	462.327834	462.527779	463.380753	463.394071	463.820590	460.301695	0	1.050000	0	1	1	0	
1	3	15	2	0	1	2	28	0.013329	0.700000	466.339815	466.539474	466.912649	467.112744	467.912448	467.925771	468.352293	465.126651	0	1.000000	0	1	1	0	
1	3	16	2	0	2	1	30	0.013329	0.800000	470.964852	471.164483	471.431170	471.631090	472.537459	472.550794	472.977134	469.658359	0	1.100000	0	1	2	0	
1	3	17	2	0	2	1	28	0.013329	0.800000	475.576508	475.776136	476.002887	476.202813	477.149165	477.162473	477.588987	474.270009	0	1.150000	0	1	1	0	
1	3	18	2	0	2	2	25	0.013329	0.900000	480.308171	480.507792	480.827827	481.027753	481.880773	481.894120	482.320616	478.895051	0	1.050000	0	1	2	0	
1	3	19	2	0	1	2	3	0.013329	0.800000	484.933175	485.132813	485.399504	485.599434	486.505806	486.519150	486.945618	483.626690	0	1.100000	0	1	2	0	
1	3	20	2	0	1	1	31	0.013329	0.800000	489.558171	489.757811	489.931072	490.131001	491.130793	491.144125	491.570635	488.251705	0	1.200000	0	1	1	0	
1	3	21	2	0	2	1	3	0.013329	0.700000	494.116556	494.316170	494.436287	494.636217	495.689169	495.702513	496.129011	492.903370	0	1.250000	0	1	1	0	
1	3	22	2	0	1	2	35	0.013329	1	498.941480	499.141110	499.367846	499.567783	500.514111	500.527443	500.953929	497.435102	0	1.150000	0	1	1	0	
1	3	23	2	0	1	1	35	0.013329	1	503.779756	503.979377	504.046004	504.246091	505.352378	505.365713	505.792241	502.273353	0	1.300000	0	1	2	0	
1	3	24	2	0	1	1	1	0.013329	0.700000	508.311424	508.511098	508.537806	508.737839	509.884100	509.897413	510.323938	507.098285	0	1.350000	0	1	2	0	
1	3	25	2	0	2	2	21	0.013329	0.600000	512.736541	512.936201	513.109461	513.309521	514.309173	514.322497	514.749016	511.629985	0	1.200000	0	1	1	0	
1	3	26	2	0	2	2	29	0.013329	1	517.574741	517.774452	517.894537	518.094457	519.147412	519.160765	519.587307	516.068416	0	1.250000	0	1	2	0	
1	3	27	2	0	1	2	27	0.013329	0.600000	521.999889	522.199528	522.266161	522.466253	523.572552	523.585832	524.012382	520.893332	0	1.300000	0	1	1	0	
1	3	28	2	0	1	1	12	0.013329	0.800000	526.638312	526.837878	526.837878	527.037970	528.210851	528.224189	528.650680	525.331757	0	1.372860	0	1	2	0	
1	3	29	2	0	1	2	17	0.013329	0.900000	531.369870	531.569501	531.596150	531.796078	532.942509	532.955801	533.382338	529.956761	0	1.350000	0	1	1	0	
1	3	30	2	0	2	1	23	0.013329	0.800000	535.994863	536.194528	536.194528	536.394430	537.567501	537.580858	538.007360	534.688407	0	1.372860	0	1	1	0	
1	3	31	2	0	2	2	10	0.013329	0.900000	540.726514	540.926150	540.926150	541.126060	542.299169	542.312472	542.739004	539.313417	0	1.372860	0	1	1	0	
1	3	32	2	0	2	2	19	0.013329	0.700000	545.271554	545.471195	545.471195	545.671267	546.844160	546.857511	547.284006	544.058405	0	1.372860	0	1	1	0	
1	4	1	3	2	1	2	7	0.013329	0.800000	553.868499	554.068147	554.068147	554.268198	555.441111	555.454414	555.880947	552.562230	548.603444	1.372860	0	1	2	0	
1	4	2	3	2	1	1	14	0.013329	1	558.706706	558.906385	558.906385	559.106459	560.279383	560.292692	560.719221	557.200355	0	1.372860	0	1	1	0	
1	4	3	3	2	2	2	17	0.013329	0.900000	563.438389	563.638016	563.638016	563.838102	565.011004	565.024338	565.450847	562.025297	0	1.372860	0	1	1	0	
1	4	4	3	2	2	2	36	0.013329	1	568.263323	568.462955	568.462955	568.662879	569.835956	569.849284	570.275778	566.756913	0	1.372860	0	1	1	0	
1	4	5	3	2	2	1	33	0.013329	0.700000	572.808357	573.008015	573.008015	573.208066	574.380972	574.394319	574.820808	571.595190	0	1.372860	0	1	1	0	
1	4	6	3	2	1	2	3	0.013329	0.700000	577.340093	577.539703	577.539703	577.739626	578.912704	578.926029	579.352586	576.126886	0	1.372860	0	1	1	0	
1	4	7	3	2	2	1	24	0.013329	0.900000	582.058370	582.258039	582.258039	582.458100	583.631011	583.644339	584.070863	580.645282	0	1.372860	0	1	2	0	
1	4	8	3	2	1	2	9	0.013329	0.600000	586.496769	586.696445	586.696445	586.896511	588.069407	588.082747	588.509266	585.390236	0	1.372860	0	1	2	0	
1	4	9	3	2	1	1	21	0.013329	0.900000	591.215081	591.414775	591.414775	591.614820	592.787727	592.801044	593.227571	589.801989	0	1.372860	0	1	1	0	
1	4	10	3	2	2	1	36	0.013329	0.900000	595.960066	596.159744	596.159744	596.359783	597.532689	597.546023	597.972534	594.546971	0	1.372860	0	1	2	0	
1	4	11	3	2	2	2	32	0.013329	0.700000	600.491858	600.691414	600.691414	600.891370	602.064421	602.077715	602.504255	599.278596	0	1.372860	0	1	2	0	
1	4	12	3	2	2	1	5	0.013329	1	605.330036	605.529686	605.529686	605.729756	606.902676	606.916002	607.342523	603.823639	0	1.372860	0	1	2	0	
1	4	13	3	2	1	1	19	0.013329	0.700000	609.848428	610.048067	610.048067	610.248121	611.421045	611.434390	611.860915	608.635258	0	1.372860	0	1	2	0	
1	4	14	3	2	1	2	4	0.013329	0.800000	614.473437	614.673079	614.673079	614.872984	616.046032	616.059398	616.485939	613.166960	0	1.372860	0	1	2	0	
1	4	15	3	2	2	1	15	0.013329	0.800000	619.098411	619.298069	619.298069	619.498153	620.671093	620.684405	621.110937	617.791976	0	1.372860	0	1	1	0	
1	4	16	3	2	2	2	11	0.013329	0.700000	623.630175	623.829796	623.829796	624.029719	625.202810	625.216163	625.642632	622.416989	0	1.372860	0	1	1	0	
1	4	17	3	2	2	1	20	0.013329	1	628.455113	628.654773	628.654773	628.854817	630.027720	630.041056	630.467558	626.948710	0	1.372860	0	1	1	0	
1	4	18	3	2	1	2	16	0.013329	0.700000	632.999878	633.199782	633.199782	633.399815	634.572768	634.586098	635.012600	631.786999	0	1.372860	0	1	2	0	
1	4	19	3	2	2	2	15	0.013329	0.600000	637.438561	637.638184	637.638184	637.838107	639.011191	639.024551	639.451008	636.332025	0	1.372860	0	1	2	0	
1	4	20	3	2	2	2	29	0.013329	0.600000	641.876942	642.076586	642.076586	642.276519	643.449583	643.462905	643.889438	640.770419	0	1.372860	0	1	2	0	
1	4	21	3	2	1	1	7	0.013329	0.600000	646.315374	646.515026	646.515026	646.715089	647.887969	647.901331	648.327847	645.208815	0	1.372860	0	1	1	0	
1	4	22	3	2	1	1	13	0.013329	1	651.126992	651.326635	651.326635	651.526703	652.699618	652.712949	653.139451	649.620582	0	1.372860	0	1	2	0	
1	4	23	3	2	1	2	26	0.013329	0.600000	655.552082	655.751740	655.751740	655.951783	657.124693	657.138075	657.564538	654.445522	0	1.372860	0	1	1	0	
1	4	24	3	2	2	1	38	0.013329	0.800000	660.177096	660.376726	660.376726	660.576788	661.749655	661.763046	662.189539	658.870626	0	1.372860	0	1	2	0	
1	4	25	3	2	1	1	27	0.013329	0.900000	664.922023	665.121672	665.121672	665.321756	666.494669	666.507996	666.934496	663.508958	0	1.372860	0	1	1	0	
1	4	26	3	2	2	2	31	0.013329	0.600000	669.347124	669.546779	669.546779	669.746669	670.919739	670.933088	671.359579	668.240565	0	1.372860	0	1	1	0	
1	4	27	3	2	1	2	19	0.013329	1	674.172071	674.371707	674.371707	674.571764	675.744672	675.758017	676.184557	672.665650	0	1.372860	0	1	1	0	
1	4	28	3	2	1	2	2	0.013329	0.800000	678.797075	678.996718	678.996718	679.196763	680.369716	680.383035	680.809588	677.490597	0	1.372860	0	1	2	0	
1	4	29	3	2	2	1	1	0.013329	1	683.622007	683.821690	683.821690	684.021743	685.194652	685.207930	685.634481	682.115631	0	1.372860	1	0	1	861	
1	4	30	3	2	1	1	22	0.013329	0.600000	688.060400	688.260062	688.260062	688.459968	689.633019	689.646381	690.072937	686.953879	0	1.372860	1	0	2	1015	
1	4	31	3	2	2	2	23	0.013329	0.800000	692.685423	692.885081	692.885081	693.085158	694.258068	694.271391	694.697925	691.378938	0	1.372860	1	0	2	850	
1	4	32	3	2	1	1	31	0.013329	0.900000	697.417093	697.616749	697.616749	697.816788	698.989702	699.003032	699.429539	696.003993	0	1.372860	0	0	1	753	
2	1	1	2	0	1	1	15	0.013329	0.600000	709.559399	709.759062	709.759062	709.959108	711.132024	711.145358	711.571852	708.453091	705.947376	1.372860	1	0	2	240	
2	1	2	2	0	2	1	19	0.013329	1	714.424289	714.623968	714.623968	714.823869	715.996931	716.010280	716.436787	712.917921	0	1.372860	0	0	2	360	
2	1	3	2	0	1	2	33	0.013329	0.900000	719.182620	719.382264	719.382264	719.582167	720.755236	720.768554	721.195080	717.769494	0	1.372860	0	0	2	569	
2	1	4	2	0	1	2	7	0.013329	0.700000	723.754309	723.953933	723.953933	724.153994	725.326959	725.340262	725.766786	722.541155	0	1.372860	1	0	1	645	
2	1	5	2	0	2	1	37	0.013329	0.800000	728.419280	728.618938	728.618938	728.818861	729.991976	730.005248	730.431778	727.112833	0	1.372860	0	0	2	380	
2	1	6	2	0	2	2	9	0.013329	0.900000	733.910605	734.110493	734.110493	734.310371	735.483289	735.496631	735.923151	731.751168	0	1.372860	0	0	1	442	
2	1	7	2	0	2	2	17	0.013329	0.900000	738.668970	738.868621	738.868621	739.068676	740.241595	740.254923	740.681444	737.255864	0	1.372860	1	0	2	748	
2	1	8	2	0	1	1	29	0.013329	1	743.533889	743.733535	743.733535	743.933613	745.106534	745.119826	745.546368	742.027502	0	1.372860	0	1	2	0	
2	1	9	2	0	1	2	4	0.013329	1	748.372158	748.571792	748.571792	748.771872	749.944765	749.958111	750.384643	746.865750	0	1.372860	0	1	2	0	
2	1	10	2	0	2	1	35	0.013329	0.600000	752.797247	752.996862	752.996862	753.196954	754.369853	754.383245	754.809718	751.690684	0	1.372860	0	1	2	0	
2	1	11	2	0	1	1	28	0.013329	0.800000	757.435579	757.635235	757.635235	757.835136	759.008207	759.021524	759.448038	756.129110	0	1.372860	0	1	2	0	
2	1	12	2	0	2	2	38	0.013329	0.600000	761.887319	762.086939	762.086939	762.287088	763.459961	763.473273	763.899792	760.780918	0	1.372860	0	1	2	0	
2	1	13	2	0	1	1	30	0.013329	0.800000	766.512301	766.711979	766.711979	766.912053	768.084964	768.098267	768.524804	765.205835	0	1.372860	0	1	2	0	
2	1	14	2	0	1	2	30	0.013329	0.900000	771.257303	771.456969	771.456969	771.657020	772.829931	772.843263	773.269771	769.844192	0	1.372860	0	1	1	0	
2	1	15	2	0	2	2	18	0.013329	0.700000	775.802353	776.001991	776.001991	776.201904	777.374942	777.388291	777.814855	774.589187	0	1.372860	0	1	2	0	
2	1	16	2	0	1	2	29	0.013329	0.900000	780.547316	780.746973	780.746973	780.947025	782.119935	782.133261	782.559771	779.134205	0	1.372860	0	1	1	0	
2	1	17	2	0	2	1	33	0.013329	0.700000	785.092341	785.291995	785.291995	785.491896	786.664972	786.678366	787.104809	783.879195	0	1.372860	0	1	2	0	
2	1	18	2	0	2	1	18	0.013329	0.900000	789.850656	790.050272	790.050272	790.250196	791.423271	791.436606	791.863114	788.437562	0	1.372860	0	1	1	0	
2	1	19	2	0	1	2	24	0.013329	0.800000	794.488985	794.688613	794.688613	794.888700	796.061607	796.074940	796.501455	793.182491	0	1.372860	0	1	1	0	
2	1	20	2	0	1	1	3	0.013329	0.900000	799.247253	799.446903	799.446903	799.646831	800.819919	800.833215	801.259742	797.834191	0	1.372860	0	1	2	0	
2	1	21	2	0	1	2	20	0.013329	0.600000	803.672335	803.872030	803.872030	804.072075	805.245054	805.258301	805.684830	802.565865	0	1.372860	0	1	2	0	
2	1	22	2	0	2	2	10	0.013329	0.600000	808.124119	808.323725	808.323725	808.523650	809.696718	809.710042	810.136563	807.017556	0	1.372860	0	1	2	0	
2	1	23	2	0	2	1	17	0.013329	1	812.949037	813.148664	813.148664	813.348589	814.521666	814.534997	814.961473	811.442611	0	1.372860	0	1	1	0	
2	1	24	2	0	1	2	3	0.013329	0.600000	817.387437	817.587097	817.587097	817.786999	818.960067	818.973443	819.399913	816.280908	0	1.372860	0	1	1	0	
2	1	25	2	0	1	1	4	0.013329	0.800000	822.025771	822.225438	822.225438	822.425516	823.598422	823.611708	824.038253	820.719312	0	1.372860	0	1	2	0	
2	1	26	2	0	2	1	10	0.013329	0.900000	826.770742	826.970423	826.970423	827.170472	828.343384	828.356730	828.783216	825.357642	0	1.372860	0	1	2	0	
2	1	27	2	0	2	2	5	0.013329	0.700000	831.315780	831.515466	831.515466	831.715502	832.888413	832.901741	833.328255	830.102632	0	1.372860	0	1	2	0	
2	1	28	2	0	2	1	38	0.013329	0.700000	835.847500	836.047142	836.047142	836.247146	837.420118	837.433453	837.859981	834.634329	0	1.372860	0	1	1	0	
2	1	29	2	0	1	1	16	0.013329	0.700000	840.379203	840.578886	840.578886	840.778943	841.951843	841.965175	842.391678	839.166031	0	1.372860	0	1	1	0	
2	1	30	2	0	1	2	16	0.013329	0.800000	845.017539	845.217170	845.217170	845.417109	846.590214	846.603508	847.030018	843.711065	0	1.372860	0	1	1	0	
2	1	31	2	0	2	1	36	0.013329	0.800000	849.655883	849.855512	849.855512	850.055606	851.228505	851.241747	851.668419	848.349427	0	1.372860	0	1	1	0	
2	1	32	2	0	1	1	27	0.013329	0.700000	854.214264	854.413938	854.413938	854.613969	855.786882	855.800211	856.226716	853.001088	0	1.372860	0	1	2	0	
2	1	33	2	0	2	2	15	0.013329	1	859.065825	859.265486	859.265486	859.465408	860.638487	860.651792	861.078325	857.559479	0	1.372860	0	1	2	0	
2	1	34	2	0	2	2	26	0.013329	0.700000	863.597575	863.797197	863.797197	863.997123	865.170186	865.183520	865.610037	862.384392	0	1.372860	0	1	1	0	
2	1	35	2	0	1	1	20	0.013329	1	868.435812	868.635503	868.635503	868.835549	870.008456	870.021786	870.448299	866.929454	0	1.372860	0	1	1	0	
2	1	36	2	0	2	1	2	0.013329	1	873.287424	873.487091	873.487091	873.687120	874.860032	874.873388	875.299959	871.781048	0	1.372860	0	1	2	0	
2	1	37	2	0	2	2	14	0.013329	0.600000	877.725847	877.925492	877.925492	878.125396	879.298464	879.311792	879.738289	876.619307	0	1.372860	0	1	2	0	
2	1	38	2	0	1	2	27	0.013329	0.600000	882.164257	882.363906	882.363906	882.563954	883.736881	883.750216	884.176722	881.057708	0	1.372860	0	1	1	0	
2	1	39	2	0	2	2	2	0.013329	0.800000	886.789277	886.988916	886.988916	887.188969	888.361889	888.375220	888.801725	885.482786	0	1.372860	0	1	2	0	
2	1	40	2	0	1	1	12	0.013329	1	891.627555	891.827207	891.827207	892.027302	893.200159	893.213493	893.639991	890.121146	0	1.372860	0	1	2	0	
2	2	1	3	2	2	2	36	0.013329	0.900000	906.728776	906.928440	906.928440	907.128466	908.301418	908.314796	908.741256	905.315980	894.972716	1.372860	0	1	2	0	
2	2	2	3	2	2	2	30	0.013329	0.800000	911.367109	911.566780	911.566780	911.766682	912.939754	912.953102	913.379598	910.060674	0	1.372860	0	1	2	0	
2	2	3	3	2	1	1	4	0.013329	0.600000	915.805525	916.005178	916.005178	916.205230	917.378168	917.391479	917.818009	914.698991	0	1.372860	0	1	2	0	
2	2	4	3	2	1	1	25	0.013329	0.800000	920.443873	920.643508	920.643508	920.843582	922.016485	922.029832	922.456373	919.137387	0	1.372860	0	1	2	0	
2	2	5	3	2	2	2	20	0.013329	0.600000	924.868964	925.068614	925.068614	925.268501	926.441563	926.454915	926.881437	923.762403	0	1.372860	0	1	1	0	
2	2	6	3	2	2	1	24	0.013329	0.600000	929.307370	929.507020	929.507020	929.707083	930.880001	930.893324	931.319833	928.200825	0	1.372860	0	1	1	0	
2	2	7	3	2	1	2	12	0.013329	0.900000	934.052343	934.251988	934.251988	934.452052	935.624955	935.638289	936.064797	932.639234	0	1.372860	0	1	1	0	
2	2	8	3	2	1	2	33	0.013329	0.900000	938.797301	938.996970	938.996970	939.197007	940.369933	940.383257	940.809847	937.384202	0	1.372860	0	1	1	0	
2	2	9	3	2	2	1	15	0.013329	0.700000	943.342304	943.541981	943.541981	943.741892	944.914977	944.928295	945.354813	942.129185	0	1.372860	0	1	1	0	
2	2	10	3	2	1	1	16	0.013329	0.700000	947.887338	948.086998	948.086998	948.287106	949.460012	949.473332	949.899884	946.674214	0	1.372860	0	1	1	0	
2	2	11	3	2	1	1	20	0.013329	0.600000	952.312452	952.512080	952.512080	952.712017	953.885132	953.898362	954.324940	951.205918	0	1.372860	0	1	2	0	
2	2	12	3	2	1	2	22	0.013329	0.800000	956.924125	957.123777	957.123777	957.323700	958.496769	958.510121	958.936618	955.617660	0	1.372860	0	1	2	0	
2	2	13	3	2	2	2	27	0.013329	1	961.749087	961.948716	961.948716	962.148797	963.321708	963.335039	963.761521	960.242685	0	1.372860	0	1	2	0	
2	2	14	3	2	1	2	35	0.013329	1	966.587363	966.787030	966.787030	966.987061	968.159980	968.173317	968.599811	965.081015	0	1.372860	0	1	1	0	
2	2	15	3	2	2	1	5	0.013329	0.900000	971.345388	971.545285	971.545285	971.745229	972.918278	972.931621	973.358103	969.932602	0	1.372860	0	1	2	0	
2	2	16	3	2	1	2	24	0.013329	0.900000	976.090625	976.290248	976.290248	976.490322	977.663239	977.676575	978.103077	974.677514	0	1.372860	0	1	2	0	
2	2	17	3	2	1	1	18	0.013329	1	980.928884	981.128513	981.128513	981.328641	982.501506	982.514835	982.941349	979.422500	0	1.372860	0	1	2	0	
2	2	18	3	2	2	2	23	0.013329	0.700000	985.473804	985.673576	985.673576	985.873633	987.046545	987.059885	987.486384	984.260750	0	1.372860	0	1	2	0	
2	2	19	3	2	2	2	21	0.013329	1	990.312209	990.511819	990.511819	990.711755	991.884820	991.898190	992.324652	988.805810	0	1.372860	0	1	2	0	
2	2	20	3	2	1	1	31	0.013329	0.600000	994.737248	994.936942	994.936942	995.136986	996.309902	996.323216	996.749741	993.630726	0	1.372860	0	1	1	0	
2	2	21	3	2	2	1	8	0.013329	0.700000	999.282321	999.481942	999.481942	999.681866	1000.854941	1000.868283	1001.294784	998.069138	0	1.372860	0	1	2	0	
2	2	22	3	2	2	2	5	0.013329	0.600000	1003.720733	1003.920366	1003.920366	1004.120429	1005.293352	1005.306663	1005.733031	1002.614178	0	1.372860	0	1	1	0	
2	2	23	3	2	2	1	6	0.013329	0.600000	1008.199111	1008.398733	1008.398733	1008.598659	1009.771759	1009.785076	1010.211585	1007.092595	0	1.372860	0	1	2	0	
2	2	24	3	2	1	1	1	0.013329	0.600000	1012.664157	1012.863854	1012.863854	1013.063932	1014.236824	1014.250125	1014.676659	1011.557643	0	1.372860	0	1	2	0	
2	2	25	3	2	2	1	2	0.013329	0.800000	1017.315867	1017.515524	1017.515524	1017.715563	1018.888476	1018.901813	1019.328318	1016.009401	0	1.372860	0	1	2	0	
2	2	26	3	2	1	2	37	0.013329	1	1022.180777	1022.380430	1022.380430	1022.580331	1023.753233	1023.766572	1024.193229	1020.674378	0	1.372860	0	1	2	0	
2	2	27	3	2	2	2	38	0.013329	1	1027.059040	1027.258662	1027.258662	1027.458586	1028.631636	1028.644991	1029.071554	1025.552633	0	1.372860	0	1	2	0	
2	2	28	3	2	2	1	36	0.013329	0.700000	1031.617408	1031.817053	1031.817053	1032.017134	1033.190023	1033.203369	1033.629824	1030.404210	0	1.372860	0	1	2	0	
2	2	29	3	2	1	2	13	0.013329	0.700000	1036.175752	1036.375423	1036.375423	1036.575471	1037.748401	1037.761718	1038.188238	1034.962580	0	1.372860	0	1	2	0	
2	2	30	3	2	2	1	29	0.013329	0.800000	1040.827456	1041.027088	1041.027088	1041.227144	1042.400061	1042.413390	1042.839899	1039.520941	0	1.372860	0	1	2	0	
2	2	31	3	2	1	2	4	0.013329	0.700000	1045.385804	1045.585454	1045.585454	1045.785517	1046.958286	1046.971766	1047.398266	1044.172641	0	1.372860	0	1	2	0	
2	2	32	3	2	1	1	28	0.013329	0.800000	1050.037474	1050.237120	1050.237120	1050.437031	1051.610094	1051.623432	1052.049950	1048.730983	0	1.372860	0	1	2	0	
2	2	33	3	2	2	2	32	0.013329	0.900000	1054.795780	1054.995415	1054.995415	1055.195481	1056.368399	1056.381726	1056.808223	1053.382703	0	1.372860	0	1	1	0	
2	2	34	3	2	1	1	14	0.013329	0.900000	1059.554051	1059.753696	1059.753696	1059.953695	1061.126642	1061.140054	1061.566581	1058.140960	0	1.372860	0	1	1	0	
2	2	35	3	2	2	1	9	0.013329	0.700000	1064.139091	1064.338737	1064.338737	1064.538797	1065.711706	1065.725045	1066.151556	1062.925932	0	1.372860	0	1	2	0	
2	2	36	3	2	1	2	31	0.013329	0.800000	1068.790740	1068.990374	1068.990374	1069.190454	1070.363394	1070.376702	1070.803232	1067.484267	0	1.372860	0	1	1	0	
2	2	37	3	2	2	1	12	0.013329	0.900000	1073.549052	1073.748683	1073.748683	1073.948755	1075.121657	1075.135006	1075.561524	1072.135949	0	1.372860	0	1	2	0	
2	2	38	3	2	2	2	29	0.013329	0.800000	1078.214013	1078.413702	1078.413702	1078.613734	1079.786680	1079.799999	1080.226507	1076.907558	0	1.372860	0	1	1	0	
2	2	39	3	2	1	2	14	0.013329	1	1083.078943	1083.278646	1083.278646	1083.478690	1084.651606	1084.664903	1085.091438	1081.572572	0	1.372860	0	1	2	0	
2	2	40	3	2	1	1	11	0.013329	1	1087.930514	1088.130216	1088.130216	1088.330274	1089.503197	1089.516528	1089.943013	1086.424151	0	1.372860	0	1	2	0	
2	3	1	1	0	1	1	28	0.013329	0.900000	1096.433940	1096.633829	1096.633829	1096.833807	1098.006825	1098.020152	1098.446660	1095.021402	1091.275749	1.372860	0	1	2	0	
2	3	2	1	0	2	2	5	0.013329	1	1101.285479	1101.485409	1101.485409	1101.685377	1102.858259	1102.871604	1103.298100	1099.779397	0	1.372860	0	1	2	0	
2	3	3	1	0	2	2	28	0.013329	1	1106.137119	1106.337047	1106.337047	1106.536942	1107.709864	1107.723290	1108.149706	1104.630988	0	1.372860	0	1	2	0	
2	3	4	1	0	2	1	19	0.013329	0.800000	1110.788814	1110.988724	1110.988724	1111.188759	1112.361657	1112.374965	1112.801524	1109.482578	0	1.372860	0	1	2	0	
2	3	5	1	0	1	2	23	0.013329	1	1115.640432	1115.840320	1115.840320	1116.040242	1117.213195	1117.226578	1117.652958	1114.134250	0	1.372860	0	1	2	0	
2	3	6	1	0	2	2	12	0.013329	0.600000	1120.092273	1120.292042	1120.292042	1120.491947	1121.665011	1121.678247	1122.104697	1118.985815	0	1.372860	0	1	1	0	
2	3	7	1	0	1	1	38	0.013329	0.900000	1124.850692	1125.050374	1125.050374	1125.250268	1126.423148	1126.436503	1126.863147	1123.437564	0	1.372860	0	1	1	0	
2	3	8	1	0	1	2	35	0.013329	0.700000	1129.408882	1129.608689	1129.608689	1129.808643	1130.981634	1130.994868	1131.421519	1128.195887	0	1.372860	0	1	1	0	
2	3	9	1	0	2	1	9	0.013329	0.600000	1133.874024	1134.073799	1134.073799	1134.273735	1135.446590	1135.459911	1135.886454	1132.767697	0	1.372860	0	1	1	0	
2	3	10	1	0	1	1	11	0.013329	0.800000	1138.525628	1138.725430	1138.725430	1138.925413	1140.098383	1140.111634	1140.538123	1137.219289	0	1.372860	0	1	2	0	
2	3	11	1	0	1	2	3	0.013329	1	1143.377094	1143.577010	1143.577010	1143.776950	1144.949929	1144.963318	1145.389850	1141.870967	0	1.372860	0	1	2	0	
2	3	12	1	0	2	2	38	0.013329	0.600000	1147.828857	1148.028754	1148.028754	1148.228698	1149.401585	1149.414980	1149.841596	1146.722593	0	1.372860	0	1	1	0	
2	3	13	1	0	1	1	30	0.013329	0.700000	1152.400549	1152.600453	1152.600453	1152.800368	1153.973451	1153.986731	1154.413180	1151.187741	0	1.372860	0	1	1	0	
2	3	14	1	0	1	2	18	0.013329	0.600000	1156.852552	1157.052227	1157.052227	1157.252159	1158.425032	1158.438391	1158.864870	1155.746009	0	1.372860	0	1	1	0	
2	3	15	1	0	2	1	5	0.013329	0.700000	1161.424141	1161.623878	1161.623878	1161.823941	1162.996749	1163.010087	1163.436579	1160.211120	0	1.372860	0	1	2	0	
2	3	16	1	0	2	2	4	0.013329	0.600000	1165.875862	1166.075651	1166.075651	1166.275594	1167.448459	1167.461823	1167.888361	1164.769466	0	1.372860	0	1	2	0	
2	3	17	1	0	1	1	29	0.013329	0.700000	1170.434236	1170.634005	1170.634005	1170.834075	1172.006934	1172.020228	1172.446673	1169.221208	0	1.372860	0	1	1	0	
2	3	18	1	0	2	1	14	0.013329	0.700000	1174.992522	1175.192361	1175.192361	1175.392318	1176.565278	1176.578563	1177.005111	1173.779673	0	1.372860	0	1	2	0	
2	3	19	1	0	1	1	26	0.013329	1	1179.844199	1180.043990	1180.043990	1180.243876	1181.416826	1181.430146	1181.856698	1178.337934	0	1.372860	0	1	1	0	
2	3	20	1	0	2	2	7	0.013329	0.800000	1184.495839	1184.695627	1184.695627	1184.895571	1186.068457	1186.081801	1186.508311	1183.189502	0	1.372860	0	1	1	0	
2	3	21	1	0	2	2	37	0.013329	0.700000	1189.054076	1189.253973	1189.253973	1189.453919	1190.626879	1190.640192	1191.066687	1187.841191	0	1.372860	0	1	1	0	
2	3	22	1	0	1	1	32	0.013329	0.600000	1193.505849	1193.705734	1193.705734	1193.905757	1195.078626	1195.091973	1195.518429	1192.399528	0	1.372860	0	1	2	0	
2	3	23	1	0	2	2	25	0.013329	0.700000	1198.064259	1198.264087	1198.264087	1198.464060	1199.636963	1199.650311	1200.076844	1196.851356	0	1.372860	0	1	1	0	
2	3	24	1	0	1	1	3	0.013329	1	1202.915806	1203.115691	1203.115691	1203.315773	1204.488539	1204.501896	1204.928377	1201.409647	0	1.372860	0	1	2	0	
2	3	25	1	0	1	2	15	0.013329	0.900000	1207.661041	1207.860683	1207.860683	1208.060785	1209.233692	1209.246990	1209.673508	1206.247901	0	1.372860	0	1	2	0	
2	3	26	1	0	2	1	10	0.013329	0.900000	1212.445892	1212.645613	1212.645613	1212.845626	1214.018602	1214.031932	1214.458282	1211.032879	0	1.372860	0	1	2	0	
2	3	27	1	0	1	2	8	0.013329	0.900000	1217.457330	1217.657174	1217.657174	1217.857094	1219.030010	1219.043305	1219.469857	1216.044517	0	1.372860	0	1	2	0	
2	3	28	1	0	2	1	20	0.013329	0.600000	1222.229126	1222.428821	1222.428821	1222.628695	1223.801599	1223.814937	1224.241453	1221.122682	0	1.372860	0	1	1	0	
2	3	29	1	0	1	2	26	0.013329	0.800000	1227.133758	1227.333718	1227.333718	1227.533601	1228.706693	1228.720002	1229.146532	1225.827733	0	1.372860	0	1	1	0	
2	3	30	1	0	2	1	25	0.013329	0.900000	1231.919117	1232.118651	1232.118651	1232.318737	1233.491511	1233.504799	1233.931469	1230.505904	0	1.372860	0	1	2	0	
2	3	31	1	0	1	2	10	0.013329	0.800000	1236.623973	1236.823616	1236.823616	1237.023703	1238.196611	1238.209943	1238.636418	1235.317634	0	1.372860	0	1	1	0	
2	3	32	1	0	1	2	32	0.013329	0.700000	1241.209125	1241.408656	1241.408656	1241.608728	1242.781647	1242.795007	1243.221476	1239.995861	0	1.372860	0	1	1	0	
2	3	33	1	0	1	1	18	0.013329	0.800000	1246.167246	1246.366891	1246.366891	1246.566951	1247.739903	1247.753068	1248.179564	1244.860744	0	1.372860	0	1	1	0	
2	3	34	1	0	2	1	23	0.013329	0.600000	1250.632245	1250.831969	1250.831969	1251.032014	1252.204787	1252.218106	1252.644673	1249.525762	0	1.372860	0	1	2	0	
2	3	35	1	0	2	2	1	0.013329	0.900000	1255.403932	1255.603552	1255.603552	1255.803472	1256.976432	1256.989884	1257.416433	1253.990835	0	1.372860	0	1	2	0	
2	3	36	1	0	1	2	19	0.013329	1	1260.268811	1260.468504	1260.468504	1260.668573	1261.841475	1261.854818	1262.281177	1258.762496	0	1.372860	0	1	2	0	
2	3	37	1	0	1	1	2	0.013329	0.800000	1264.933866	1265.133500	1265.133500	1265.333403	1266.506479	1266.519796	1266.946173	1263.627380	0	1.372860	0	1	2	0	
2	3	38	1	0	2	1	22	0.013329	0.800000	1269.612176	1269.811812	1269.811812	1270.011825	1271.184786	1271.198147	1271.624631	1268.305705	0	1.372860	0	1	1	0	
2	3	39	1	0	2	1	16	0.013329	0.900000	1274.410454	1274.610108	1274.610108	1274.810138	1275.983062	1275.996392	1276.422940	1272.997377	0	1.372860	0	1	1	0	
2	3	40	1	0	2	2	30	0.013329	1	1279.288705	1279.488351	1279.488351	1279.688253	1280.861336	1280.874694	1281.301205	1277.782282	0	1.372860	0	1	1	0	
2	4	1	3	1	2	1	34	0.013329	0.600000	1287.072579	1287.272262	1287.272262	1287.472306	1288.645207	1288.658518	1289.085057	1285.966318	1282.660584	1.372860	0	1	2	0	
2	4	2	3	1	1	1	10	0.013329	0.700000	1291.630933	1291.830596	1291.830596	1292.030660	1293.203592	1293.216912	1293.643436	1290.417935	0	1.372860	0	1	1	0	
2	4	3	3	1	1	1	27	0.013329	0.700000	1296.215816	1296.415603	1296.415603	1296.615737	1297.788441	1297.801767	1298.228292	1295.002811	0	1.372860	0	1	1	0	
2	4	4	3	1	2	2	7	0.013329	0.900000	1300.987602	1301.187241	1301.187241	1301.387162	1302.560075	1302.573401	1302.999929	1299.574506	0	1.372860	0	1	1	0	
2	4	5	3	1	1	2	1	0.013329	0.900000	1305.772559	1305.972213	1305.972213	1306.172131	1307.345177	1307.358512	1307.785011	1304.359442	0	1.372860	0	1	2	0	
2	4	6	3	1	2	1	19	0.013329	0.800000	1310.890764	1311.090359	1311.090359	1311.290281	1312.463345	1312.476677	1312.903239	1309.584481	0	1.372860	0	1	2	0	
2	4	7	3	1	1	1	26	0.013329	0.600000	1315.489094	1315.688711	1315.688711	1315.888791	1317.061709	1317.074914	1317.501414	1314.382549	0	1.372860	0	1	1	0	
2	4	8	3	1	2	2	18	0.013329	0.600000	1319.967497	1320.167102	1320.167102	1320.367029	1321.540061	1321.553289	1321.979883	1318.860930	0	1.372860	0	1	1	0	
2	4	9	3	1	1	1	7	0.013329	1	1324.899016	1325.098720	1325.098720	1325.298758	1326.471666	1326.485000	1326.911496	1323.392651	0	1.372860	0	1	2	0	
2	4	10	3	1	2	2	2	0.013329	1	1330.123775	1330.323511	1330.323511	1330.523386	1331.696345	1331.709720	1332.136319	1328.617470	0	1.372860	0	1	2	0	
2	4	11	3	1	2	1	35	0.013329	1	1335.188721	1335.388362	1335.388362	1335.588348	1336.761318	1336.774629	1337.201159	1333.682309	0	1.372860	0	1	2	0	
2	4	12	3	1	1	2	8	0.013329	0.900000	1340.199962	1340.399889	1340.399889	1340.599821	1341.772691	1341.786043	1342.212547	1338.787156	0	1.372860	0	1	1	0	
2	4	13	3	1	1	1	17	0.013329	1	1345.331742	1345.531382	1345.531382	1345.731318	1346.904353	1346.917687	1347.344185	1343.825452	0	1.372860	0	1	2	0	
2	4	14	3	1	1	2	28	0.013329	0.800000	1350.023325	1350.223005	1350.223005	1350.423091	1351.595847	1351.609165	1352.035766	1348.716919	0	1.372860	0	1	1	0	
2	4	15	3	1	2	1	22	0.013329	0.700000	1354.581849	1354.781535	1354.781535	1354.981459	1356.154203	1356.167544	1356.594061	1353.368575	0	1.372860	0	1	2	0	
2	4	16	3	1	2	2	19	0.013329	0.800000	1359.246615	1359.446385	1359.446385	1359.646298	1360.819211	1360.832540	1361.259052	1357.940274	0	1.372860	0	1	2	0	
2	4	17	3	1	1	2	34	0.013329	1	1364.244977	1364.444571	1364.444571	1364.644687	1365.817414	1365.830751	1366.257285	1362.738547	0	1.372860	0	1	1	0	
2	4	18	3	1	1	2	16	0.013329	0.900000	1369.309698	1369.509451	1369.509451	1369.709366	1370.882288	1370.895613	1371.322280	1367.896952	0	1.372860	0	1	1	0	
2	4	19	3	1	2	1	37	0.013329	0.800000	1374.001190	1374.201098	1374.201098	1374.401019	1375.573950	1375.587252	1376.013827	1372.694992	0	1.372860	0	1	2	0	
2	4	20	3	1	1	2	10	0.013329	0.600000	1378.746222	1378.946052	1378.946052	1379.145970	1380.319039	1380.332388	1380.758777	1377.639850	0	1.372860	0	1	2	0	
2	4	21	3	1	2	2	25	0.013329	0.600000	1383.491133	1383.691062	1383.691062	1383.890950	1385.063913	1385.077323	1385.503742	1382.384888	0	1.372860	0	1	1	0	
2	4	22	3	1	2	1	3	0.013329	0.900000	1388.502876	1388.702651	1388.702651	1388.902498	1390.075561	1390.088764	1390.515263	1387.089828	0	1.372860	0	1	1	0	
2	4	23	3	1	1	1	21	0.013329	0.800000	1393.181096	1393.380882	1393.380882	1393.580807	1394.753734	1394.767044	1395.193720	1391.874783	0	1.372860	0	1	1	0	
2	4	24	3	1	1	2	17	0.013329	0.800000	1398.285981	1398.485711	1398.485711	1398.685682	1399.858606	1399.871911	1400.298417	1396.979751	0	1.372860	0	1	1	0	
2	4	25	3	1	2	1	30	0.013329	0.800000	1403.204284	1403.403988	1403.403988	1403.604058	1404.776960	1404.790309	1405.216659	1401.897865	0	1.372860	0	1	2	0	
2	4	26	3	1	1	1	13	0.013329	0.600000	1407.895979	1408.095619	1408.095619	1408.295535	1409.468446	1409.481773	1409.908500	1406.789443	0	1.372860	0	1	2	0	
2	4	27	3	1	1	2	9	0.013329	0.900000	1413.000534	1413.200449	1413.200449	1413.400384	1414.573323	1414.586942	1415.013129	1411.587739	0	1.372860	0	1	2	0	
2	4	28	3	1	2	2	3	0.013329	0.900000	1417.852256	1418.052047	1418.052047	1418.252069	1419.425037	1419.438369	1419.864734	1416.439452	0	1.372860	0	1	2	0	
2	4	29	3	1	1	1	33	0.013329	1	1423.076985	1423.276887	1423.276887	1423.476816	1424.649872	1424.663044	1425.089617	1421.570907	0	1.372860	0	1	1	0	
2	4	30	3	1	2	2	15	0.013329	0.800000	1428.208709	1428.408338	1428.408338	1428.608257	1429.781321	1429.794674	1430.221194	1426.902407	0	1.372860	0	1	1	0	
2	4	31	3	1	2	2	6	0.013329	0.700000	1433.006852	1433.206619	1433.206619	1433.406576	1434.579463	1434.592801	1435.019357	1431.793829	0	1.372860	0	1	2	0	
2	4	32	3	1	1	2	26	0.013329	0.700000	1437.698630	1437.898315	1437.898315	1438.098408	1439.271151	1439.284523	1439.710967	1436.485614	0	1.372860	0	1	2	0	
2	4	33	3	1	2	1	32	0.013329	0.700000	1442.536887	1442.736541	1442.736541	1442.936597	1444.109397	1444.122722	1444.549422	1441.323890	0	1.372860	0	1	2	0	
2	4	34	3	1	1	1	23	0.013329	0.700000	1447.335057	1447.534830	1447.534830	1447.734776	1448.907664	1448.921017	1449.347501	1446.122026	0	1.372860	0	1	2	0	
2	4	35	3	1	2	2	11	0.013329	1	1452.466698	1452.666389	1452.666389	1452.866366	1454.039168	1454.052489	1454.479109	1450.960277	0	1.372860	0	1	2	0	
2	4	36	3	1	2	2	34	0.013329	0.600000	1457.118229	1457.318025	1457.318025	1457.518004	1458.690876	1458.704147	1459.130676	1456.011807	0	1.372860	0	1	2	0	
2	4	37	3	1	1	2	30	0.013329	0.600000	1461.583418	1461.783201	1461.783201	1461.983146	1463.156067	1463.169382	1463.595910	1460.476888	0	1.372860	0	1	2	0	
2	4	38	3	1	1	1	38	0.013329	0.900000	1466.355044	1466.554717	1466.554717	1466.754826	1467.927676	1467.941017	1468.367522	1464.941971	0	1.372860	0	1	2	0	
2	4	39	3	1	2	1	22	0.013329	1	1471.206598	1471.406287	1471.406287	1471.606393	1472.779299	1472.792592	1473.219121	1469.700236	0	1.372860	0	1	2	0	
2	4	40	3	1	2	1	15	0.013329	0.700000	1475.778454	1475.978023	1475.978023	1476.178060	1477.350977	1477.364303	1477.790813	1474.565174	0	1.372860	0	1	2	0	
2	5	1	2	0	1	2	1	0.013329	0.900000	1483.295669	1483.495284	1483.495284	1483.695208	1484.868277	1484.881627	1485.308122	1481.882833	1479.136849	1.372860	0	1	1	0	
2	5	2	2	0	1	1	24	0.013329	0.800000	1487.960639	1488.160302	1488.160302	1488.360204	1489.533279	1489.546604	1489.973113	1486.654182	0	1.372860	0	1	2	0	
2	5	3	2	0	2	1	32	0.013329	0.600000	1492.412392	1492.612045	1492.612045	1492.812089	1493.985022	1493.998345	1494.424874	1491.305835	0	1.372860	0	1	1	0	
2	5	4	2	0	2	2	12	0.013329	0.800000	1497.077373	1497.277024	1497.277024	1497.477108	1498.650005	1498.663336	1499.089903	1495.770898	0	1.372860	0	1	2	0	
2	5	5	2	0	1	1	34	0.013329	0.800000	1501.729062	1501.928684	1501.928684	1502.128771	1503.301677	1503.315018	1503.741522	1500.422582	0	1.372860	0	1	2	0	
2	5	6	2	0	1	2	23	0.013329	0.600000	1506.180789	1506.380417	1506.380417	1506.580336	1507.753446	1507.766763	1508.193317	1505.074235	0	1.372860	0	1	2	0	
2	5	7	2	0	1	1	23	0.013329	0.600000	1510.659203	1510.858821	1510.858821	1511.058901	1512.231815	1512.245143	1512.671644	1509.552667	0	1.372860	0	1	2	0	
2	5	8	2	0	2	2	19	0.013329	0.600000	1515.124261	1515.323911	1515.323911	1515.523969	1516.696883	1516.710211	1517.136707	1514.017726	0	1.372860	0	1	1	0	
2	5	9	2	0	1	2	36	0.013329	0.700000	1519.695931	1519.895611	1519.895611	1520.095679	1521.268592	1521.281895	1521.708432	1518.482766	0	1.372860	0	1	2	0	
2	5	10	2	0	1	2	37	0.013329	0.800000	1524.361055	1524.560625	1524.560625	1524.760653	1525.933585	1525.946887	1526.373417	1523.054517	0	1.372860	0	1	2	0	
2	5	11	2	0	1	1	25	0.013329	0.800000	1529.025951	1529.225603	1529.225603	1529.425658	1530.598571	1530.611908	1531.038425	1527.719473	0	1.372860	0	1	1	0	
2	5	12	2	0	2	2	35	0.013329	0.600000	1533.491018	1533.690646	1533.690646	1533.890568	1535.063647	1535.077005	1535.503482	1532.384474	0	1.372860	0	1	2	0	
2	5	13	2	0	2	1	5	0.013329	0.700000	1538.062449	1538.262343	1538.262343	1538.462284	1539.635214	1539.648579	1540.075051	1536.849554	0	1.372860	0	1	1	0	
2	5	14	2	0	1	2	11	0.013329	0.700000	1542.700791	1542.900684	1542.900684	1543.100641	1544.273552	1544.286856	1544.713427	1541.487897	0	1.372860	0	1	1	0	
2	5	15	2	0	2	1	11	0.013329	0.700000	1547.272510	1547.472454	1547.472454	1547.672356	1548.845277	1548.858577	1549.285094	1546.059569	0	1.372860	0	1	2	0	
2	5	16	2	0	2	2	13	0.013329	0.600000	1551.724222	1551.924140	1551.924140	1552.124076	1553.296957	1553.310256	1553.736831	1550.617952	0	1.372860	0	1	2	0	
2	5	17	2	0	1	1	8	0.013329	0.900000	1556.482518	1556.682414	1556.682414	1556.882343	1558.055287	1558.068625	1558.495126	1555.069674	0	1.372860	0	1	2	0	
2	5	18	2	0	1	2	25	0.013329	1	1561.334110	1561.534012	1561.534012	1561.734001	1562.906881	1562.920208	1563.346751	1559.828003	0	1.372860	0	1	1	0	
2	5	19	2	0	2	2	32	0.013329	0.700000	1565.879384	1566.079072	1566.079072	1566.279110	1567.452018	1567.465367	1567.891935	1564.666265	0	1.372860	0	1	2	0	
2	5	20	2	0	2	1	6	0.013329	0.700000	1570.450851	1570.650719	1570.650719	1570.850671	1572.023610	1572.036978	1572.463480	1569.237992	0	1.372860	0	1	2	0	
2	5	21	2	0	1	1	26	0.013329	1	1575.302445	1575.502326	1575.502326	1575.702293	1576.875226	1576.888514	1577.315030	1573.796357	0	1.372860	0	1	1	0	
2	5	22	2	0	2	1	7	0.013329	1	1580.154319	1580.353956	1580.353956	1580.554013	1581.726978	1581.740274	1582.166777	1578.647908	0	1.372860	0	1	1	0	
2	5	23	2	0	2	2	8	0.013329	0.700000	1584.712639	1584.912325	1584.912325	1585.112388	1586.285309	1586.298604	1586.725044	1583.499485	0	1.372860	0	1	2	0	
2	5	24	2	0	1	1	21	0.013329	0.800000	1589.364346	1589.563968	1589.563968	1589.763892	1590.936807	1590.950134	1591.376794	1588.057866	0	1.372860	0	1	2	0	
2	5	25	2	0	2	1	22	0.013329	0.800000	1594.015753	1594.215683	1594.215683	1594.415605	1595.588651	1595.601963	1596.028480	1592.709531	0	1.372860	0	1	2	0	
2	5	26	2	0	1	2	31	0.013329	1	1598.867604	1599.067271	1599.067271	1599.267314	1600.440223	1600.453556	1600.880058	1597.361218	0	1.372860	0	1	1	0	
2	5	27	2	0	1	2	34	0.013329	1	1603.719134	1603.918839	1603.918839	1604.118913	1605.291828	1605.305139	1605.731671	1602.212795	0	1.372860	0	1	2	0	
2	5	28	2	0	2	1	1	0.013329	0.600000	1608.184283	1608.383922	1608.383922	1608.583822	1609.756897	1609.770199	1610.196734	1607.077721	0	1.372860	0	1	2	0	
2	5	29	2	0	1	2	21	0.013329	0.900000	1612.955894	1613.155520	1613.155520	1613.355444	1614.528509	1614.541815	1614.968329	1611.542807	0	1.372860	0	1	2	0	
2	5	30	2	0	2	1	13	0.013329	1	1617.820811	1618.020465	1618.020465	1618.220561	1619.393437	1619.406771	1619.833331	1616.314400	0	1.372860	0	1	1	0	
2	5	31	2	0	2	1	14	0.013329	1	1622.672395	1622.872066	1622.872066	1623.072132	1624.245041	1624.258359	1624.684864	1621.166052	0	1.372860	0	1	1	0	
2	5	32	2	0	2	2	22	0.013329	0.900000	1627.444036	1627.643672	1627.643672	1627.843731	1629.016679	1629.030054	1629.456498	1626.030935	0	1.372860	0	1	1	0	
2	5	33	2	0	1	2	28	0.013329	1	1632.308942	1632.508607	1632.508607	1632.708697	1633.881578	1633.894898	1634.321434	1630.802582	0	1.372860	0	1	2	0	
2	5	34	2	0	2	1	31	0.013329	0.700000	1636.867327	1637.066948	1637.066948	1637.267031	1638.439969	1638.453278	1638.879835	1635.654155	0	1.372860	0	1	2	0	
2	5	35	2	0	1	1	9	0.013329	0.900000	1641.638950	1641.838628	1641.838628	1642.038663	1643.211580	1643.224910	1643.651422	1640.225854	0	1.372860	0	1	2	0	
2	5	36	2	0	1	1	2	0.013329	0.800000	1646.303953	1646.503581	1646.503581	1646.703508	1647.876579	1647.889903	1648.316411	1644.997485	0	1.372860	0	1	2	0	
2	5	37	2	0	2	2	6	0.013329	0.900000	1651.048902	1651.248537	1651.248537	1651.448472	1652.621541	1652.634871	1653.061413	1649.635814	0	1.372860	0	1	1	0	
2	5	38	2	0	1	1	13	0.013329	0.600000	1655.513991	1655.713634	1655.713634	1655.913526	1657.086444	1657.099780	1657.526462	1654.407427	0	1.372860	0	1	1	0	
2	5	39	2	0	2	2	37	0.013329	0.900000	1660.272295	1660.471913	1660.471913	1660.671837	1661.844937	1661.858240	1662.284736	1658.859182	0	1.372860	0	1	1	0	
2	5	40	2	0	2	2	12	0.013329	0.900000	1665.030564	1665.230248	1665.230248	1665.430286	1666.603209	1666.616526	1667.043045	1663.617474	0	1.372860	0	1	2	0	
2	6	1	1	0	1	2	20	0.013329	0.600000	1704.389809	1704.589460	1704.589460	1704.789541	1705.962334	1705.975695	1706.402203	1703.283536	1698.418490	1.372860	0	1	1	0	
